1. テキストの間違い

2. 2opt法で辺を置き換えるときに成り立つ条件。
   `if (b == c) break;`が正当化される理由。

  - 条件
  Dis(a, b) > Dis(a, c) && Dis(c, d) > Dis(b, d)

  - 正当化の理由
  * ループではaに隣接する頂点をコストの小さい方から見ている。-> c
  * b == cとはつまり、tourにaに隣接する頂点であるcが組み込まれていることを示す。
  * 小さい方から見ていたので、cはaに隣接するもののうち、tourに含まれていてかつコスト最小。

3. 禁断探索法をO(n^2)で終わらせようとするとき、ITER_MAXをnに比例させる理由。

4. 厳密解法の実装

5. ヒューリスティクスの実装2つ

6. ベンチマーク

7. 感想



計測結果

> bier127.tsp

* 焼きなまし(max_itr = 5 * n, init_temp = 100)
  - 差分関数 (temp' = 0.95 * temp)
  - result
    19 107 5 105 14 104 113 6 119 9 114 12 49 50 1 0 15 36 34 35 40 13 11 78 79 31 28 27 121 32 24 37 25 26 30 29 42 33 38 41 39 43 102 44 53 56 120 55 4 51 123 65 54 46 48 52 47 117 45 93 111 110 106 126 92 94 122 96 97 100 101 82 81 125 80 83 116 77 75 76 17 73 72 67 70 69 68 74 62 118 95 108 87 86 85 84 109 103 124 88 91 98 64 112 63 57 99 90 60 61 58 59 115 89 2 10 8 7 66 71 18 22 23 3 21 20 16 
    length: 121725 

* 2opt
  - result
    88 124 103 109 84 85 86 87 108 95 118 62 101 100 82 81 125 80 83 116 74 68 69 70 67 75 77 78 79 26 30 76 17 73 72 66 7 71 18 20 16 21 3 22 23 107 5 8 10 113 104 105 14 19 11 13 40 35 36 34 39 42 33 41 38 37 29 25 24 32 28 31 121 27 96 97 122 94 92 126 106 110 111 93 102 43 44 47 117 45 48 52 46 54 65 123 51 4 55 120 53 56 50 1 15 0 6 119 12 49 114 9 99 2 89 115 59 58 61 60 90 57 63 112 64 98 91 
    length = 124788 


